11 3 8

3
1.0 1.0 1.0
10
300 50 75
0 0 -1
0.0 0.0
350 50 75
0 0 -1
1 0
300 100 75
0 0 -1
0 1

3
1.0 1.0 1.0
10
300 100 75
0 0 -1
0.0 1.0
350 100 75
0 0 -1
1 1
350 50 75
0 0 -1
1 0

3
1.0 1.0 1.0
10
200 32.32 57.32
0 0.7071 -0.7071
0.0 0.0
250 32.32 57.32
0 0.7071 -0.7071
1 0
200 67.68 92.68
0 0.7071 -0.7071
0 1

3
1.0 1.0 1.0
10
200 67.68 92.68
0 0.7071 -0.7071
0.0 1.0
250 67.68 92.68
0 0.7071 -0.7071
1 1
250 32.32 57.32
0 0.7071 -0.7071
1 0

2
1.0 1.0 1.0
10
200 230 10
0 0 -1
0.0 0.0
250 230 10
0 0 -1
1 0
200 280 10
0 0 -1
0 1

2
1.0 1.0 1.0
10
200 280 10
0 0 -1
0.0 1.0
250 280 10
0 0 -1
1 1
250 230 10
0 0 -1
1 0

1
1.0 1.0 1.0
10
10 10 10
-0.433 -0.25 -0.866
0.0 0.0
70 10 10
0.433 -0.25 -0.866
1.0 0.0
40 62 10
0.0 0.5 -0.866
0.0 1.0

4
1.0 1.0 1.0
10
100 300 20
0.5 0 -0.866
0.0 0.0
350 340 50
0.5 0 -0.866
1 0
100 380 20
0.5 0 -0.866
0 1

5
1.0 1.0 1.0
10
270 380 20
0 -0.5 -0.866
0.0 0.0
350 380 20
0 -0.5 -0.866
1 0
310 130 50
0 -0.5 -0.866
0 1

6
1.0 1.0 1.0
10
350 210 20
-0.5 0 -0.866
0.0 0.0
350 130 20
-0.5 0 -0.866
1 0
100 170 50
-0.5 0 -0.866
0 1

7
1.0 1.0 1.0
10
100 130 20
0 0.5 -1
0.0 0.0
180 130 20
0 0.5 -1
1 0
140 380 50
0 0.5 -1
0 1

0.2 0.2 0.2
40 36 -10
0.4 0.4 0.4
225 -10000 50
0.2 0.2 0.2
225 255 0
0.3 0.3 0.3


2 2
1 0 0
0 1 0
0 0 1
1 1 1

1 1
1.0 0.0 0.0

10 10
0.0 0.0 0.0
0.0 0.0 0.0
0.1 0.1 0.0
0.6 0.6 0.0
0.9 0.9 0.0
0.9 0.9 0.0
0.6 0.6 0.0
0.1 0.1 0.0
0.0 0.0 0.0
0.0 0.0 0.0

0.0 0.0 0.0
0.3 0.3 0.0
0.8 0.8 0.0
1.0 1.0 0.0
1.0 1.0 0.0
1.0 1.0 0.0
1.0 1.0 0.0
0.8 0.8 0.0
0.3 0.3 0.0
0.0 0.0 0.0

0.1 0.1 0.0
0.8 0.8 0.0
1.0 1.0 0.0
0.0 0.0 0.0
0.0 0.0 0.0
1.0 1.0 0.0
1.0 1.0 0.0
1.0 1.0 0.0
0.8 0.8 0.0
0.1 0.1 0.0

0.6 0.6 0.0
1.0 1.0 0.0
0.0 0.0 0.0
0.0 0.0 0.0
1.0 1.0 0.0
1.0 1.0 0.0
0.0 0.0 0.0
1.0 1.0 0.0
1.0 1.0 0.0
0.6 0.6 0.0

0.9 0.9 0.0
1.0 1.0 0.0
0.0 0.0 0.0
1.0 1.0 0.0
1.0 1.0 0.0
1.0 1.0 0.0
1.0 1.0 0.0
1.0 1.0 0.0
1.0 1.0 0.0
0.9 0.9 0.0

0.9 0.9 0.0
1.0 1.0 0.0
0.0 0.0 0.0
1.0 1.0 0.0
1.0 1.0 0.0
1.0 1.0 0.0
1.0 1.0 0.0
1.0 1.0 0.0
1.0 1.0 0.0
0.9 0.9 0.0

0.6 0.6 0.0
1.0 1.0 0.0
0.0 0.0 0.0
0.0 0.0 0.0
1.0 1.0 0.0
1.0 1.0 0.0
0.0 0.0 0.0
1.0 1.0 0.0
1.0 1.0 0.0
0.6 0.6 0.0

0.1 0.1 0.0
0.8 0.8 0.0
1.0 1.0 0.0
0.0 0.0 0.0
0.0 0.0 0.0
1.0 1.0 0.0
1.0 1.0 0.0
1.0 1.0 0.0
0.8 0.8 0.0
0.1 0.1 0.0

0.0 0.0 0.0
0.3 0.3 0.0
0.8 0.8 0.0
1.0 1.0 0.0
1.0 1.0 0.0
1.0 1.0 0.0
1.0 1.0 0.0
0.8 0.8 0.0
0.3 0.3 0.0
0.0 0.0 0.0

0.0 0.0 0.0
0.0 0.0 0.0
0.1 0.1 0.0
0.6 0.6 0.0
0.9 0.9 0.0
0.9 0.9 0.0
0.6 0.6 0.0
0.1 0.1 0.0
0.0 0.0 0.0
0.0 0.0 0.0


16 13
1.0 1.0 1.0
1.0 1.0 1.0
1.0 1.0 1.0
1.0 1.0 1.0
1.0 1.0 1.0
1.0 1.0 1.0
1.0 1.0 1.0
1.0 1.0 1.0
1.0 1.0 1.0
1.0 1.0 1.0
1.0 1.0 1.0
1.0 1.0 1.0
1.0 1.0 1.0

1.0 1.0 1.0
1.0 1.0 1.0
1.0 1.0 1.0
0.8 0.0 0.0
0.8 0.0 0.0
1.0 1.0 1.0
1.0 1.0 1.0
1.0 1.0 1.0
1.0 1.0 1.0
1.0 1.0 1.0
1.0 1.0 1.0
1.0 1.0 1.0
1.0 1.0 1.0

1.0 1.0 1.0
1.0 1.0 1.0
1.0 1.0 1.0
1.0 1.0 1.0
0.8 0.0 0.0
0.8 0.0 0.0
0.8 0.0 0.0
1.0 1.0 1.0
1.0 1.0 1.0
1.0 1.0 1.0
1.0 1.0 1.0
1.0 1.0 1.0
1.0 1.0 1.0

1.0 1.0 1.0
1.0 1.0 1.0
1.0 1.0 1.0
1.0 1.0 1.0
0.8 0.0 0.0
1.0 1.0 1.0
1.0 1.0 1.0
0.8 0.0 0.0
1.0 1.0 1.0
0.8 0.0 0.0
0.8 0.0 0.0
0.8 0.0 0.0
1.0 1.0 1.0

1.0 1.0 1.0
1.0 1.0 1.0
1.0 1.0 1.0
1.0 1.0 1.0
0.8 0.0 0.0
0.8 0.0 0.0
0.8 0.0 0.0
1.0 1.0 1.0
1.0 1.0 1.0
0.8 0.0 0.0
0.8 0.0 0.0
0.8 0.0 0.0
1.0 1.0 1.0

1.0 1.0 1.0
1.0 1.0 1.0
1.0 1.0 1.0
0.8 0.0 0.0
0.8 0.0 0.0
1.0 1.0 1.0
1.0 1.0 1.0
1.0 1.0 1.0
1.0 1.0 1.0
1.0 1.0 1.0
0.8 0.0 0.0
0.8 0.0 0.0
1.0 1.0 1.0

1.0 1.0 1.0
0.8 0.0 0.0
0.8 0.0 0.0
1.0 1.0 1.0
1.0 1.0 1.0
1.0 1.0 1.0
1.0 1.0 1.0
1.0 1.0 1.0
1.0 1.0 1.0
1.0 1.0 1.0
0.8 0.0 0.0
0.8 0.0 0.0
1.0 1.0 1.0

1.0 1.0 1.0
0.8 0.0 0.0
0.8 0.0 0.0
0.8 0.0 0.0
0.8 0.0 0.0
0.8 0.0 0.0
0.8 0.0 0.0
0.8 0.0 0.0
0.8 0.0 0.0
0.8 0.0 0.0
0.8 0.0 0.0
0.8 0.0 0.0
1.0 1.0 1.0

1.0 1.0 1.0
0.8 0.0 0.0
0.8 0.0 0.0
0.8 0.0 0.0
0.8 0.0 0.0
0.8 0.0 0.0
0.8 0.0 0.0
0.8 0.0 0.0
0.8 0.0 0.0
0.8 0.0 0.0
0.8 0.0 0.0
0.8 0.0 0.0
1.0 1.0 1.0

1.0 1.0 1.0
0.8 0.0 0.0
0.8 0.0 0.0
1.0 1.0 1.0
1.0 1.0 1.0
1.0 1.0 1.0
1.0 1.0 1.0
1.0 1.0 1.0
1.0 1.0 1.0
1.0 1.0 1.0
0.8 0.0 0.0
0.8 0.0 0.0
1.0 1.0 1.0

1.0 1.0 1.0
1.0 1.0 1.0
1.0 1.0 1.0
0.8 0.0 0.0
0.8 0.0 0.0
0.8 0.0 0.0
0.8 0.0 0.0
0.8 0.0 0.0
1.0 1.0 1.0
1.0 1.0 1.0
0.8 0.0 0.0
0.8 0.0 0.0
1.0 1.0 1.0

1.0 1.0 1.0
1.0 1.0 1.0
1.0 1.0 1.0
1.0 1.0 1.0
1.0 1.0 1.0
1.0 1.0 1.0
0.8 0.0 0.0
1.0 1.0 1.0
1.0 1.0 1.0
0.8 0.0 0.0
0.8 0.0 0.0
0.8 0.0 0.0
1.0 1.0 1.0

1.0 1.0 1.0
1.0 1.0 1.0
1.0 1.0 1.0
1.0 1.0 1.0
1.0 1.0 1.0
0.8 0.0 0.0
1.0 1.0 1.0
1.0 1.0 1.0
1.0 1.0 1.0
0.8 0.0 0.0
0.8 0.0 0.0
0.8 0.0 0.0
1.0 1.0 1.0

1.0 1.0 1.0
1.0 1.0 1.0
1.0 1.0 1.0
1.0 1.0 1.0
1.0 1.0 1.0
1.0 1.0 1.0
0.8 0.0 0.0
1.0 1.0 1.0
1.0 1.0 1.0
1.0 1.0 1.0
1.0 1.0 1.0
1.0 1.0 1.0
1.0 1.0 1.0

1.0 1.0 1.0
1.0 1.0 1.0
1.0 1.0 1.0
0.8 0.0 0.0
0.8 0.0 0.0
0.8 0.0 0.0
0.8 0.0 0.0
0.8 0.0 0.0
1.0 1.0 1.0
1.0 1.0 1.0
1.0 1.0 1.0
1.0 1.0 1.0
1.0 1.0 1.0

1.0 1.0 1.0
1.0 1.0 1.0
1.0 1.0 1.0
1.0 1.0 1.0
1.0 1.0 1.0
1.0 1.0 1.0
1.0 1.0 1.0
1.0 1.0 1.0
1.0 1.0 1.0
1.0 1.0 1.0
1.0 1.0 1.0
1.0 1.0 1.0
1.0 1.0 1.0

1 1
0.7 0.4 0.6

1 1
0.1 0.8 0.6

1 1
0.3 0.7 0.34

1 1
0.9 0.5 0.3

